kinematics:
  shoulder:
    x: 0
    y: 0
    z: 0.08919981089507746
    roll: -0
    pitch: 0
    yaw: 4.305999311799217e-05
  upper_arm:
    x: 5.536548472895542e-05
    y: 0
    z: 0
    roll: 1.570985708332404
    pitch: 0
    yaw: 3.557700123737669e-05
  forearm:
    x: -0.425137704491826
    y: 0
    z: 0
    roll: 0.0008277762334375243
    pitch: -0.0001346394792783897
    yaw: 4.614611943785444e-05
  wrist_1:
    x: -0.3921652568646511
    y: -0.0006061013755414667
    z: 0.109741844114506
    roll: 0.005522918061553229
    pitch: -0.0005833371824270296
    yaw: -9.462167535916887e-05
  wrist_2:
    x: -2.134615621962911e-05
    y: -0.09475906921211798
    z: 4.398296096742952e-05
    roll: 1.570332171140197
    pitch: 0
    yaw: -3.024853005790216e-05
  wrist_3:
    x: 0.0001306813283730103
    y: 0.08232772957991784
    z: 4.267309714674656e-05
    roll: 1.571314658753556
    pitch: 3.141592653589793
    yaw: -3.141566598480655
  hash: calib_16854361342318436294